16 16
-5.529262441703347575e-01 2.079779933767745767e-02 1.994592558754569589e-01 -2.841577264135349834e-01 -5.716019520371897755e-01 4.205415124406535754e-01 -5.021667525314442715e-01 2.915465057006522143e-01 3.494247178767114215e-01 1.024671868499859723e-01 -2.777921116711088434e-01 7.157609693470567969e-01 -7.551416445191645455e-01 1.270179831892669642e-01 1.132886834515649671e-01 1.869172982726925170e-01
-2.160929485974378006e-01 -3.305426342072022988e-02 -5.118460083614900791e-01 1.486808430974338457e-01 -4.464787846909460400e-01 2.245920873527982031e-01 -4.032651290112243547e-01 1.978630268374953483e-01 -4.217933758024236535e-01 1.237476956566897074e-01 4.428205002503251553e-01 -4.232727770318706617e-01 -6.142731869227487929e-01 3.304613181452926707e-01 2.368121160551478824e-02 1.839980506241619962e-01
4.537736306780557234e-03 -4.542808763410902673e-01 2.378443120916873821e-01 -1.909862472688797219e-01 -1.370334490130240349e-02 5.219432068719130902e-01 -1.510168963683304333e-01 -1.299233524795752881e-01 -4.657686417661893730e-01 2.600442626118026901e-01 6.998908292576389023e-01 -4.285016394703473064e-01 -2.292022325043225617e-01 -3.571674789141262574e-01 -1.903767461883384624e-03 3.899518070077624965e-01
-1.245490766838777547e-01 8.715265077277827288e-01 -2.277031991930059396e-01 5.855241836056724880e-01 5.981014238741579059e-02 -1.293594744274151886e-01 -9.716903730001426320e-02 -1.382746781388986268e-01 -6.995639849026624724e-01 -4.875796401506355959e-01 -3.809619644401917443e-02 1.520124325721028402e-01 -2.542577101871698608e-01 -5.806638619126655576e-02 -9.125894176434737326e-02 -2.470649763704225454e-01
-2.991698259465608301e-01 -5.011962977525309844e-03 -1.338991701912539134e-01 1.351984591808271241e-01 -3.667706505948842288e-01 4.602299216108440838e-01 5.788738414281984213e-01 9.884133261107272417e-02 -1.658924519313086376e-01 -9.433470535521244760e-02 -4.561804147815576860e-01 -4.264536031131614391e-01 -3.677083708065592704e-01 -4.595014032204045029e-01 -3.492732899977672723e-02 -3.152825439559129306e-01
-2.432344950217474877e-01 -4.293804216333108048e-01 -5.068142196180305259e-01 2.090681074886773239e-01 -2.210363405196234809e-01 -1.905285376760566252e-01 -2.146666634664695650e-01 2.775316090236054634e-01 -1.044646895539591558e-01 9.923174516097794939e-02 -2.631613168073562714e-01 -4.769685384009764162e-02 -1.155979536367244681e-01 -2.606655008238475697e-03 -1.797306911505426041e-01 -4.892147449062018705e-01
-2.560713069002344966e-01 -3.546234355262999904e-01 -1.989514234245518265e-01 -2.063202728898329563e-01 1.425683669553248767e-01 -1.634102679556584670e-01 -1.507079366878348314e-01 3.918759094566418022e-01 -3.942311896910292157e-01 -3.821446314354573492e-01 6.027592258410607862e-01 -5.442772210610768990e-01 7.637223465635719633e-01 1.798134484754217166e-01 -1.933009882809344215e-01 2.246277826516200615e-01
8.178527426515339593e-01 -2.966097901624961120e-01 4.947747855623804147e-01 -2.046585637051694662e-01 -4.505867614067915472e-01 4.206797290814877077e-01 1.487689131456809422e-01 -2.051773293279963717e-01 -3.446402931473734749e-02 -2.878643904775693985e-01 3.100443056791544194e-01 3.177266859510929353e-01 2.280049764037647142e-01 -4.766771253275067788e-01 -2.482979668228002257e-01 3.467823414890157108e-01
-3.577259762159229473e-01 5.805285813912387516e-01 -5.708421754531816522e-02 -2.368663391835838239e-01 -5.936355270844672072e-01 7.233030629986887672e-02 -4.041991903091464167e-01 -5.859169040231727577e-01 -3.672621997066449762e-02 4.316789154676744511e-01 2.398166130856962119e-01 2.703456732192934669e-02 5.242436386818254412e-01 -5.823342692522841535e-01 2.417107162789505215e-01 -1.582810634424205165e-01
2.955141112179076601e-01 -2.086435761917383169e-01 1.053959797181170388e-01 -2.386327169885805177e-01 -3.385356596809355190e-01 1.628126350345601436e-01 6.104569773773245445e-02 -7.008329432977146445e-02 -1.771722333626911117e-01 7.392602914279140514e-01 -4.311793922682653490e-01 -4.483201642923180796e-01 -1.596519316686509926e-01 2.220857167653211561e-01 -4.149072029821092578e-01 -3.031253089019206870e-01
-1.500640572422374530e-01 2.676568660414442857e-01 4.444574383306257870e-01 -3.187960625521348845e-01 8.283751187303657615e-03 -4.281203161765046450e-01 -4.139798903635549809e-01 -1.806968392923161970e-01 5.366166227405614331e-01 -2.652160322599064202e-01 2.365076310271072846e-01 -3.940082149981204984e-01 -2.297641917840926862e-01 -9.594578678502246882e-03 4.237006933238613438e-01 5.086127097048036561e-01
1.193064972163079829e-01 1.000047945973489283e-01 -2.336428031640344904e-01 -1.762954874501073688e-01 -1.201005721014540145e-01 5.070626475278138257e-01 -4.965676341243710490e-02 2.712933892527366608e-01 -1.770513731926645074e-01 1.518896146076941789e-01 -3.463485048773551345e-01 2.529880671817606452e-01 -2.792002535435070820e-01 1.821173563853454858e-01 5.076162432802194813e-02 -6.455722224739467441e-01
1.975248049210729662e-01 3.284849997772446573e-01 -1.811762824976311248e-01 4.445775027942781565e-01 2.173294989874528793e-02 -4.003718645733367332e-01 1.549592401068961567e-01 3.989103551999664821e-01 2.382433926084901454e-01 1.156143326119070738e-02 -1.606812576166845585e-01 -5.311249668918044398e-02 2.414388067521824333e-01 -3.387070782879555431e-01 1.231767749253142724e-01 3.420774309987875128e-01
-3.601585724325643417e-02 -1.459844928695112065e-01 1.482216699743205968e-01 4.942310273228647799e-01 -1.597374334801983653e-01 1.154242721750800282e-01 -1.082961806909188418e-01 -1.316396475617670203e-01 -1.336084757975038173e-01 -5.947571185677847511e-02 -1.657846615614299440e-02 -2.023147192800198446e-01 2.302078489935074079e-01 2.159234465805725742e-02 -3.549065717303829803e-01 -4.769264929161877165e-01
-2.285202787450332507e-01 -4.220334000648722633e-02 8.372948680694968226e-01 -2.187223628901893702e-01 2.715269088647546125e-01 8.950944006545230591e-02 1.924678146232585152e-01 -2.551202878783971340e-01 -4.088778611969823285e-01 1.148178790994873327e-01 -1.030176463009149918e-01 1.095484913939697713e-01 1.986078663865646077e-01 -5.892361787081390467e-01 2.569291182113383476e-01 6.168159051981385310e-02
2.875438999255318373e-02 -4.268247125184783664e-01 -4.062453385971473985e-01 9.200916248733309599e-02 -4.093375564799350830e-01 -2.812984579293867915e-01 -3.543353306022550830e-02 -2.110378557351041962e-02 -9.794942164468681267e-02 -3.771964910187466380e-01 -1.741690390482020789e-01 -3.542903165310736791e-01 -1.242774270181923324e-02 -3.388782235860539616e-01 -4.909268582215992049e-02 -4.419540832304610228e-02
