10 16
1.974506535620232095e-01 -2.186140237094465755e-01 -2.082643251809777052e-01 -1.501118024290613029e-01 3.228052493420647817e-01 4.608096145075224470e-01 -6.113243156721680921e-02 -1.093105273299229963e-01 -4.966526540322263594e-01 -1.981416893946418567e-01 9.087416522560346488e-01 -2.903213355192687528e-01 1.473429650588362616e-01 8.968906576416237064e-02 -9.692828349704729618e-02 -3.298436989841683764e-01
-2.955648301451485604e-01 -1.304830058191421560e-01 6.820434426860774724e-02 -5.542672952396158342e-02 8.935801592239638325e-01 3.012989277340626451e-02 -5.250252650669997578e-01 1.000791298046603606e+00 -3.412269142072675288e-01 2.276014597615660107e-01 -6.532898485548669365e-01 3.303532437023178336e-01 -2.671288131406258093e-01 3.942952792139135104e-02 -5.557123178286864640e-01 -2.501733517368036619e-01
8.691468156653293642e-01 -2.729386367103249500e-02 -1.677525382720067293e-01 -2.373570136596607205e-01 -2.042195575141826647e-01 3.467367980015854667e-01 2.852932985702039126e-01 3.658744094165662930e-01 -8.366320826032715152e-02 1.885652128709950082e-01 -2.072015754407838251e-01 7.150624121618323614e-02 5.864487096757283607e-02 -2.930000636400477698e-01 2.038636109967807142e-01 -4.705638087496973043e-03
4.456981617015399189e-01 2.275869289598869971e-01 1.174601482811858666e-02 7.012579814235778697e-01 -4.631801869110228620e-01 1.456359946238501291e-01 -3.874178938517652826e-01 -1.878361287530277146e-01 1.070675579331770294e-01 -5.545575018658008976e-02 -2.113184694883735726e-01 3.399574778144945353e-01 -3.222675321147393523e-01 -3.371610614333999667e-01 -9.266613672334990393e-02 6.126681385890152265e-02
-2.648174676251598969e-01 -4.827669318956137601e-01 8.484111957463034148e-01 -2.842531940720836037e-01 -1.796323862830933107e-02 4.089122488598371241e-01 4.192329050546744207e-01 3.342467179317711867e-01 3.962203475270868469e-01 -3.939526969086331043e-01 8.176547622440469287e-02 -3.126371364736513919e-02 -5.618256053109440540e-01 -7.029067743133951551e-02 1.535270083806270502e-01 -1.678440769863184523e-01
-2.462052109959524948e-01 -1.995698827747166906e-02 5.753462455139506104e-02 7.156401904956840587e-01 -7.613173264881845093e-02 2.044754472166550041e-01 -1.310959800928239438e-01 2.832078606974792190e-01 1.601234286959041520e-01 -3.964601436620863728e-01 2.054408078380903779e-02 -2.659300327422151611e-01 4.427389784778898441e-01 4.131475480367930997e-01 -3.669052233618878139e-02 2.980302791269856533e-02
-1.822067319102813610e-01 2.312909868095626986e-01 -5.431145338756865337e-01 -1.226931620471935908e-01 -2.872759094922892609e-01 2.538398527731786647e-01 -4.037284946373326244e-01 3.281019323418972178e-01 -4.027956970256590941e-01 -1.463791877934824681e-01 1.979647408503689698e-01 -2.755602409203550263e-01 -2.765354446519811549e-01 -3.210502220879524887e-02 7.325280508216899245e-01 -3.200025521463665812e-01
3.679337924692939743e-01 4.510816446569593796e-01 1.635582496829935673e-01 -5.459117871312267889e-01 2.843586197444943897e-01 1.330936773181592703e-01 1.153190215350285319e+00 -3.503639735611014383e-01 -5.144342664683262401e-01 4.209579001157586209e-01 -1.221647985359158514e-02 2.779379284053989929e-01 -3.535104478097226277e-01 2.031070083802121243e-02 -3.834816946394161152e-01 1.237912816415780992e-01
6.354345175629608211e-02 -3.658626240350676406e-01 -5.259082168805199187e-01 -3.858032890492323758e-02 -2.271032012401848210e-02 -3.077887079270691384e-01 -3.849011374270852048e-01 4.139168561834624671e-02 7.577035128748260684e-01 4.814732217386529789e-01 3.537671431241432365e-03 3.130662002023755219e-01 -3.885500947701775454e-02 -3.499647400138287678e-01 1.374969719278491820e-01 1.683752047841553523e-01
2.018945390369028536e-01 4.499525920030997828e-01 9.012018771586893795e-01 2.739391512906462767e-01 1.258143330501319268e-01 4.006024401056402229e-01 1.085982620489824579e-01 -2.999863440319504027e-01 2.930416223309120216e-01 2.122958814984976517e-01 2.374031814611743396e-02 -4.800710305675549017e-01 -5.709597355175217714e-01 5.371003707440237529e-02 -2.609576391871620826e-01 1.134148061565274507e-01
